LADGATE	357	10000	0.229	1
LADGATE	401	10000	0.257	1
LADGATE	4772	10000	0.640	1
LADGATE	1131	10000	0.560	1
LADGATE	5030	10000	0.438	1
LADGATE	1053	10000	0.336	1
LADGATE	30	10000	0.166	1
LADGATE	1462	10000	0.494	1
LADGATE	255	10000	0.133	1
LADGATE	7252	10000	0.588	1
LADGATE	1073	10000	0.265	1
LADGATE	1201	10000	0.228	1
LADGATE	9532	10000	0.761	1
LADGATE	440	10000	0.344	1
LADGATE	2207	10000	0.630	1
LADGATE	19995	10000	0.744	0
LADGATE	123	10000	0.286	1
LADGATE	2486	10000	0.655	1
LADGATE	293	10000	0.268	1
LADGATE	170	10000	0.214	1
LADGATE	7295	10000	0.345	1
LADGATE	1053	10000	0.365	1
LADGATE	590	10000	0.337	1
LADGATE	13	10000	0.122	1
LADGATE	440	10000	0.463	1
LADGATE	5188	10000	0.729	1
LADGATE	5456	10000	0.686	1
LADGATE	560	10000	0.307	1
LADGATE	2157	10000	0.271	1
LADGATE	94	10000	0.189	1
LADGATE	2305	10000	0.647	1
LADGATE	98	10000	0.240	1
LADGATE	4405	10000	0.182	1
LADGATE	301	10000	0.271	1
LADGATE	31	10000	0.165	1
LADGATE	128	10000	0.229	1
LADGATE	80	10000	0.234	1
LADGATE	28368	10000	0.888	0
LADGATE	497	10000	0.255	1
LADGATE	3270	10000	0.538	1
LADGATE	2775	10000	0.863	1
LADGATE	1112	10000	0.500	1
LADGATE	1942	10000	0.597	1
LADGATE	222	10000	0.219	1
LADGATE	23	10000	0.136	1
LADGATE	1053	10000	0.426	1
LADGATE	601	10000	0.269	1
LADGATE	25	10000	0.169	1
LADGATE	2718	10000	0.586	1
LADGATE	974	10000	0.592	1
LADGATE	1306	10000	0.437	1
LADGATE	9170	10000	0.576	1
LADGATE	660	10000	0.307	1
LADGATE	2032	10000	0.622	1
LADGATE	713	10000	0.419	1
LADGATE	280	10000	0.176	1
LADGATE	16	10000	0.140	1
LADGATE	124	10000	0.189	1
LADGATE	18	10000	0.143	1
LADGATE	155	10000	0.250	1
LADGATE	615	10000	0.402	1
LADGATE	64	10000	0.199	1
LADGATE	11	10000	0.114	1
LADGATE	55	10000	0.132	1
LADGATE	11556	10000	0.621	0
LADGATE	18742	10000	0.695	0
LADGATE	2868	10000	0.941	1
LADGATE	96	10000	0.265	1
LADGATE	29	10000	0.154	1
LADGATE	12	10000	0.105	1
LADGATE	16678	10000	0.447	0
LADGATE	4432	10000	0.444	1
LADGATE	11659	10000	0.795	0
LADGATE	30660	10000	0.813	0
LADGATE	22536	10000	0.757	0
LADGATE	660	10000	0.422	1
LADGATE	1543	10000	0.367	1
LADGATE	6709	10000	0.478	1
LADGATE	4825	10000	0.685	1
LADGATE	2001	10000	0.304	1
LADGATE	3054	10000	0.532	1
LADGATE	1236	10000	0.304	1
LADGATE	1225	10000	0.642	1
LADGATE	3404	10000	0.606	1
LADGATE	11	10000	0.112	1
LADGATE	191	10000	0.261	1
LADGATE	399	10000	0.265	1
LADGATE	36	10000	0.164	1
LADGATE	120	10000	0.269	1
LADGATE	280	10000	0.213	1
LADGATE	22074	10000	0.409	0
LADGATE	240	10000	0.221	1
LADGATE	2031	10000	1.139	1
LADGATE	110	10000	0.183	1
LADGATE	1310	10000	0.136	1
LADGATE	15	10000	0.119	1
LADGATE	163	10000	0.185	1
LADGATE	1491	10000	0.348	1
LADGATE	5205	10000	0.173	1
LADGATE	10017	10000	0.362	0
LADGATE	4960	10000	0.627	1
LADGATE	31	10000	0.162	1
LADGATE	705	10000	0.511	1
LADGATE	14	10000	0.114	1
LADGATE	1908	10000	0.387	1
LADGATE	118	10000	0.233	1
LADGATE	333	10000	0.303	1
LADGATE	17809	10000	1.060	0
LADGATE	1294	10000	0.513	1
LADGATE	3097	10000	0.346	1
LADGATE	72	10000	0.207	1
LADGATE	4225	10000	0.580	1
LADGATE	14416	10000	0.667	0
LADGATE	1428	10000	0.331	1
LADGATE	2031	10000	1.197	1
LADGATE	16640	10000	0.421	0
LADGATE	5067	10000	0.754	1
LADGATE	1053	10000	0.345	1
LADGATE	8232	10000	0.389	1
LADGATE	2490	10000	0.678	1
LADGATE	221	10000	0.238	1
LADGATE	2807	10000	0.667	1
LADGATE	5211	10000	0.785	1
LADGATE	560	10000	0.248	1
LADGATE	24	10000	0.144	1
LADGATE	2508	10000	0.484	1
LADGATE	40	10000	0.180	1
LADGATE	6885	10000	0.253	1
LADGATE	1049	10000	0.302	1
LADGATE	1159	10000	0.330	1
LADGATE	548	10000	0.407	1
LADGATE	1049	10000	0.298	1
LADGATE	123	10000	0.257	1
LADGATE	28	10000	0.161	1
LADGATE	481	10000	0.193	1
LADGATE	146	10000	0.217	1
LADGATE	32	10000	0.209	1
LADGATE	19	10000	0.160	1
LADGATE	26	10000	0.160	1
LADGATE	969	10000	0.549	1
LADGATE	1224	10000	0.287	1
LADGATE	18	10000	0.152	1
LADGATE	72	10000	0.211	1
LADGATE	16	10000	0.139	1
LADGATE	736	10000	0.590	1
LADGATE	11251	10000	0.762	0
LADGATE	33155	10000	0.560	0
LADGATE	803	10000	0.523	1
LADGATE	1649	10000	0.433	1
LADGATE	645	10000	0.595	1
LADGATE	338	10000	0.246	1
LADGATE	19	10000	0.161	1
LADGATE	3670	10000	0.809	1
LADGATE	31	10000	0.166	1
LADGATE	230	10000	0.223	1
LADGATE	76	10000	0.149	1
LADGATE	440	10000	0.445	1
LADGATE	160	10000	0.253	1
LADGATE	16364	10000	0.713	0
LADGATE	156	10000	0.293	1
LADGATE	6089	10000	0.445	1
LADGATE	1386	10000	0.330	1
LADGATE	115	10000	0.276	1
LADGATE	2450	10000	0.618	1
LADGATE	10429	10000	0.957	0
LADGATE	1746	10000	0.559	1
LADGATE	14	10000	0.115	1
LADGATE	108	10000	0.205	1
LADGATE	760	10000	0.331	1
LADGATE	156	10000	0.275	1
LADGATE	5065	10000	0.699	1
LADGATE	4799	10000	0.779	1
LADGATE	6028	10000	0.578	1
LADGATE	1046	10000	0.259	1
LADGATE	181	10000	0.189	1
LADGATE	8	10000	0.110	1
LADGATE	6418	10000	0.869	1
LADGATE	3183	10000	0.491	1
LADGATE	378	10000	0.297	1
LADGATE	1071	10000	0.282	1
LADGATE	36	10000	0.186	1
LADGATE	4620	10000	0.387	1
LADGATE	3800	10000	0.260	1
LADGATE	17999	10000	0.870	0
LADGATE	4952	10000	0.616	1
LADGATE	555	10000	0.432	1
LADGATE	8508	10000	0.727	1
LADGATE	11716	10000	0.665	0
LADGATE	172	10000	0.221	1
LADGATE	1681	10000	0.556	1
LADGATE	33	10000	0.178	1
LADGATE	10	10000	0.126	1
LADGATE	403	10000	0.282	1
LADGATE	2065	10000	0.267	1
LADGATE	21688	10000	0.755	0
LADGATE	32	10000	0.167	1
LADGATE	22	10000	0.150	1
LADGATE	1422	10000	0.339	1
LADGATE	4518	10000	0.466	1
LADGATE	413	10000	0.355	1
LADGATE	21925	10000	0.414	0
LADGATE	341	10000	0.174	1
LADGATE	403	10000	0.269	1
LADGATE	90	10000	0.234	1
LADGATE	3486	10000	0.502	1
LADGATE	22	10000	0.155	1
LADGATE	356	10000	0.251	1
LADGATE	827	10000	0.625	1
LADGATE	2032	10000	0.669	1
LADGATE	726	10000	0.587	1
LADGATE	170	10000	0.222	1
LADGATE	17493	10000	0.877	0
LADGATE	874	10000	0.575	1
LADGATE	8992	10000	0.589	1
LADGATE	1001	10000	0.222	1
LADGATE	20	10000	0.141	1
LADGATE	168	10000	0.180	1
LADGATE	16747	10000	0.608	0
LADGATE	1178	10000	0.309	1
LADGATE	23999	10000	0.589	0
LADGATE	1218	10000	0.552	1
LADGATE	5040	10000	0.662	1
LADGATE	9858	10000	0.712	1
LADGATE	1590	10000	0.425	1
LADGATE	1271	10000	0.528	1
LADGATE	800	10000	0.607	1
LADGATE	11	10000	0.122	1
LADGATE	814	10000	0.645	1
LADGATE	11999	10000	0.619	0
LADGATE	26778	10000	0.572	0
LADGATE	13175	10000	0.259	0
LADGATE	1120	10000	0.505	1
LADGATE	4596	10000	0.677	1
LADGATE	15904	10000	1.036	0
LADGATE	44909	10000	0.952	0
LADGATE	42	10000	0.150	1
LADGATE	5310	10000	0.703	1
LADGATE	821	10000	0.436	1
LADGATE	7993	10000	0.998	1
LADGATE	18	10000	0.143	1
LADGATE	2670	10000	0.706	1
LADGATE	55	10000	0.159	1
LADGATE	6328	10000	0.353	1
LADGATE	258	10000	0.223	1
LADGATE	1218	10000	0.442	1
LADGATE	1000	10000	0.417	1
LADGATE	64	10000	0.196	1
LADGATE	31	10000	0.174	1
LADGATE	1121	10000	0.362	1
LADGATE	22407	10000	0.868	0
LADGATE	11120	10000	0.754	0
LADGATE	1492	10000	0.419	1
LADGATE	481	10000	0.383	1
LADGATE	1022	10000	0.304	1
LADGATE	69	10000	0.180	1
LADGATE	2508	10000	0.519	1
LADGATE	2644	10000	1.131	1
LADGATE	634	10000	0.402	1
LADGATE	35	10000	0.174	1
LADGATE	2092	10000	0.724	1
LADGATE	514	10000	0.408	1
LADGATE	132	10000	0.221	1
LADGATE	13680	10000	0.378	0
ARM L wall=146.97 s
