LADGATE	357	10000	0.223	1
LADGATE	401	10000	0.257	1
LADGATE	4772	10000	0.621	1
LADGATE	1131	10000	0.555	1
LADGATE	5030	10000	0.425	1
LADGATE	1053	10000	0.323	1
LADGATE	30	10000	0.167	1
LADGATE	1462	10000	0.480	1
LADGATE	255	10000	0.134	1
LADGATE	7252	10000	0.570	1
LADGATE	1073	10000	0.271	1
LADGATE	1201	10000	0.223	1
LADGATE	9532	10000	0.744	1
LADGATE	440	10000	0.342	1
LADGATE	2207	10000	0.582	1
LADGATE	19995	10000	0.627	0
LADGATE	123	10000	0.275	1
LADGATE	2486	10000	0.612	1
LADGATE	293	10000	0.258	1
LADGATE	170	10000	0.207	1
LADGATE	7295	10000	0.296	1
LADGATE	1053	10000	0.332	1
LADGATE	590	10000	0.313	1
LADGATE	13	10000	0.116	1
LADGATE	440	10000	0.458	1
LADGATE	5188	10000	0.669	1
LADGATE	5456	10000	0.666	1
LADGATE	560	10000	0.309	1
LADGATE	2157	10000	0.268	1
LADGATE	94	10000	0.190	1
LADGATE	2305	10000	0.643	1
LADGATE	98	10000	0.243	1
LADGATE	4405	10000	0.179	1
LADGATE	301	10000	0.270	1
LADGATE	31	10000	0.164	1
LADGATE	128	10000	0.230	1
LADGATE	80	10000	0.235	1
LADGATE	28368	10000	0.763	0
LADGATE	497	10000	0.260	1
LADGATE	3270	10000	0.522	1
LADGATE	2775	10000	0.846	1
LADGATE	1112	10000	0.457	1
LADGATE	1942	10000	0.579	1
LADGATE	222	10000	0.219	1
LADGATE	23	10000	0.132	1
LADGATE	1053	10000	0.399	1
LADGATE	601	10000	0.257	1
LADGATE	25	10000	0.163	1
LADGATE	2718	10000	0.561	1
LADGATE	974	10000	0.560	1
LADGATE	1306	10000	0.428	1
LADGATE	9170	10000	0.532	1
LADGATE	660	10000	0.293	1
LADGATE	2032	10000	0.599	1
LADGATE	713	10000	0.402	1
LADGATE	280	10000	0.171	1
LADGATE	16	10000	0.137	1
LADGATE	124	10000	0.191	1
LADGATE	18	10000	0.137	1
LADGATE	155	10000	0.251	1
LADGATE	615	10000	0.393	1
LADGATE	64	10000	0.202	1
LADGATE	11	10000	0.109	1
LADGATE	55	10000	0.132	1
LADGATE	11556	10000	0.494	0
LADGATE	18742	10000	0.578	0
LADGATE	2868	10000	0.900	1
LADGATE	96	10000	0.261	1
LADGATE	29	10000	0.151	1
LADGATE	12	10000	0.100	1
LADGATE	16678	10000	0.391	0
LADGATE	4432	10000	0.439	1
LADGATE	11659	10000	0.676	0
LADGATE	30660	10000	0.745	0
LADGATE	22536	10000	0.619	0
LADGATE	660	10000	0.393	1
LADGATE	1543	10000	0.369	1
LADGATE	6709	10000	0.456	1
LADGATE	4825	10000	0.660	1
LADGATE	2001	10000	0.291	1
LADGATE	3054	10000	0.527	1
LADGATE	1236	10000	0.301	1
LADGATE	1225	10000	0.621	1
LADGATE	3404	10000	0.561	1
LADGATE	11	10000	0.108	1
LADGATE	191	10000	0.263	1
LADGATE	399	10000	0.259	1
LADGATE	36	10000	0.161	1
LADGATE	120	10000	0.263	1
LADGATE	280	10000	0.210	1
LADGATE	22074	10000	0.330	0
LADGATE	240	10000	0.217	1
LADGATE	2031	10000	1.116	1
LADGATE	110	10000	0.183	1
LADGATE	1310	10000	0.137	1
LADGATE	15	10000	0.115	1
LADGATE	163	10000	0.183	1
LADGATE	1491	10000	0.341	1
LADGATE	5205	10000	0.172	1
LADGATE	10017	10000	0.321	0
LADGATE	4960	10000	0.626	1
LADGATE	31	10000	0.161	1
LADGATE	705	10000	0.505	1
LADGATE	14	10000	0.111	1
LADGATE	1908	10000	0.378	1
LADGATE	118	10000	0.234	1
LADGATE	333	10000	0.306	1
LADGATE	17809	10000	0.992	0
LADGATE	1294	10000	0.499	1
LADGATE	3097	10000	0.346	1
LADGATE	72	10000	0.203	1
LADGATE	4225	10000	0.583	1
LADGATE	14416	10000	0.562	0
LADGATE	1428	10000	0.326	1
LADGATE	2031	10000	1.145	1
LADGATE	16640	10000	0.393	0
LADGATE	5067	10000	0.744	1
LADGATE	1053	10000	0.346	1
LADGATE	8232	10000	0.385	1
LADGATE	2490	10000	0.673	1
LADGATE	221	10000	0.238	1
LADGATE	2807	10000	0.632	1
LADGATE	5211	10000	0.786	1
LADGATE	560	10000	0.247	1
LADGATE	24	10000	0.140	1
LADGATE	2508	10000	0.482	1
LADGATE	40	10000	0.178	1
LADGATE	6885	10000	0.254	1
LADGATE	1049	10000	0.298	1
LADGATE	1159	10000	0.332	1
LADGATE	548	10000	0.413	1
LADGATE	1049	10000	0.302	1
LADGATE	123	10000	0.263	1
LADGATE	28	10000	0.157	1
LADGATE	481	10000	0.194	1
LADGATE	146	10000	0.219	1
LADGATE	32	10000	0.176	1
LADGATE	19	10000	0.156	1
LADGATE	26	10000	0.161	1
LADGATE	969	10000	0.544	1
LADGATE	1224	10000	0.296	1
LADGATE	18	10000	0.147	1
LADGATE	72	10000	0.207	1
LADGATE	16	10000	0.135	1
LADGATE	736	10000	0.592	1
LADGATE	11251	10000	0.664	0
LADGATE	33155	10000	0.474	0
LADGATE	803	10000	0.518	1
LADGATE	1649	10000	0.431	1
LADGATE	645	10000	0.597	1
LADGATE	338	10000	0.253	1
LADGATE	19	10000	0.156	1
LADGATE	3670	10000	0.813	1
LADGATE	31	10000	0.163	1
LADGATE	230	10000	0.228	1
LADGATE	76	10000	0.149	1
LADGATE	440	10000	0.446	1
LADGATE	160	10000	0.255	1
LADGATE	16364	10000	0.598	0
LADGATE	156	10000	0.294	1
LADGATE	6089	10000	0.448	1
LADGATE	1386	10000	0.330	1
LADGATE	115	10000	0.277	1
LADGATE	2450	10000	0.615	1
LADGATE	10429	10000	0.892	0
LADGATE	1746	10000	0.561	1
LADGATE	14	10000	0.113	1
LADGATE	108	10000	0.204	1
LADGATE	760	10000	0.335	1
LADGATE	156	10000	0.279	1
LADGATE	5065	10000	0.706	1
LADGATE	4799	10000	0.781	1
LADGATE	6028	10000	0.580	1
LADGATE	1046	10000	0.260	1
LADGATE	181	10000	0.189	1
LADGATE	8	10000	0.107	1
LADGATE	6418	10000	0.870	1
LADGATE	3183	10000	0.492	1
LADGATE	378	10000	0.299	1
LADGATE	1071	10000	0.284	1
LADGATE	36	10000	0.185	1
LADGATE	4620	10000	0.385	1
LADGATE	3800	10000	0.260	1
LADGATE	17999	10000	0.792	0
LADGATE	4952	10000	0.616	1
LADGATE	555	10000	0.437	1
LADGATE	8508	10000	0.727	1
LADGATE	11716	10000	0.570	0
LADGATE	172	10000	0.224	1
LADGATE	1681	10000	0.566	1
LADGATE	33	10000	0.173	1
LADGATE	10	10000	0.121	1
LADGATE	403	10000	0.290	1
LADGATE	2065	10000	0.268	1
LADGATE	21688	10000	0.670	0
LADGATE	32	10000	0.166	1
LADGATE	22	10000	0.146	1
LADGATE	1422	10000	0.342	1
LADGATE	4518	10000	0.464	1
LADGATE	413	10000	0.356	1
LADGATE	21925	10000	0.355	0
LADGATE	341	10000	0.170	1
LADGATE	403	10000	0.269	1
LADGATE	90	10000	0.233	1
LADGATE	3486	10000	0.501	1
LADGATE	22	10000	0.152	1
LADGATE	356	10000	0.253	1
LADGATE	827	10000	0.629	1
LADGATE	2032	10000	0.668	1
LADGATE	726	10000	0.588	1
LADGATE	170	10000	0.225	1
LADGATE	17493	10000	0.703	0
LADGATE	874	10000	0.550	1
LADGATE	8992	10000	0.516	1
LADGATE	1001	10000	0.226	1
LADGATE	20	10000	0.137	1
LADGATE	168	10000	0.180	1
LADGATE	16747	10000	0.539	0
LADGATE	1178	10000	0.302	1
LADGATE	23999	10000	0.484	0
LADGATE	1218	10000	0.554	1
LADGATE	5040	10000	0.659	1
LADGATE	9858	10000	0.714	1
LADGATE	1590	10000	0.422	1
LADGATE	1271	10000	0.534	1
LADGATE	800	10000	0.615	1
LADGATE	11	10000	0.119	1
LADGATE	814	10000	0.673	1
LADGATE	11999	10000	0.524	0
LADGATE	26778	10000	0.515	0
LADGATE	13175	10000	0.222	0
LADGATE	1120	10000	0.511	1
LADGATE	4596	10000	0.690	1
LADGATE	15904	10000	0.964	0
LADGATE	44909	10000	0.834	0
LADGATE	42	10000	0.151	1
LADGATE	5310	10000	0.705	1
LADGATE	821	10000	0.439	1
LADGATE	7993	10000	0.998	1
LADGATE	18	10000	0.137	1
LADGATE	2670	10000	0.690	1
LADGATE	55	10000	0.148	1
LADGATE	6328	10000	0.353	1
LADGATE	258	10000	0.221	1
LADGATE	1218	10000	0.432	1
LADGATE	1000	10000	0.415	1
LADGATE	64	10000	0.204	1
LADGATE	31	10000	0.175	1
LADGATE	1121	10000	0.361	1
LADGATE	22407	10000	0.781	0
LADGATE	11120	10000	0.660	0
LADGATE	1492	10000	0.415	1
LADGATE	481	10000	0.382	1
LADGATE	1022	10000	0.300	1
LADGATE	69	10000	0.181	1
LADGATE	2508	10000	0.515	1
LADGATE	2644	10000	1.130	1
LADGATE	634	10000	0.406	1
LADGATE	35	10000	0.173	1
LADGATE	2092	10000	0.719	1
LADGATE	514	10000	0.415	1
LADGATE	132	10000	0.222	1
LADGATE	13680	10000	0.346	0
ARM ASL wall=142.40 s
